$ANSIBLE_VAULT;1.1;AES256
66376266383635636538316633366566633632396538666361363331303063396238633233303730
6438356663656539303435363366646137643864643539310a613431626137393662303466363437
33343161326436636565396234363139366233336437326161656339623535366663333935393362
6564646337306164350a386537366138363633356637653433343939393033346637386630386337
63346163386335336365393936653366316265306635353133333561626238616538643263353639
38353935633662386362353664313764373736623661663639633963633665316630356564646437
31643366643437363763303839326231616532333830393434646132623332313339343465343537
61666264666233333237373461343035633737313034386235383630663838353738663134353634
39393134353237643437333835306437333035393436653362333731306234646161613261383138
61373963373865303466333163373561306531343333643535333363323462396263623536363566
31303863323364616139353538323234303565656665356665666438333733663939383630643130
35393864333530333165333663613565353136653365663837303464333766656432323666666666
32363965366431323237626532393765643163396133656436663663636462633237383034616462
31646633323134353034626339376434326235663932386531656134366139343433663235373637
34356439393933333264613563326333333130383834653735336463353339663436643263653532
63636461333139303930303930626336386533383262316239353163613963643962306330623564
38303765386464356330326234313163636436613435376564316235633434333432353130643165
61356330656361613833643836343838313738393538386635626630316339616663363664323437
66353337663038313933393066356164373162393830333862373732656631363363366663373662
34623065383134666136363932393635376364326634343336313338373635346130333165313732
64396334303662373635613637663565383338343335613532636661643861656666326239336530
64653732623831346637343334393836646230636532333165666336643464623166656462643932
31303265656237393432383834656464343333626231336362373662393335636634656665383336
31383230643134313532
